“¿¡À»÷¿ –≈«”À‹“¿“Œ¬ «ŒÕƒ»–Œ¬¿Õ»ﬂ “¿›-3
Õ¿◊¿ÀŒ Õ¿¡Àﬁƒ≈Õ»… : 16.06.2015 23:31
 ŒÕ≈÷ Õ¿¡Àﬁƒ≈Õ»…  : 17.06.2015 00:23
¬€—Œ“¿ —ŒÀÕ÷¿ : -13 √–¿ƒ.
—»ÕŒœ“»◊≈— »… »Õƒ≈ — —“¿Õ÷»» : 33345
 Œƒ Œ¡À¿◊ÕŒ—“» : 854//
œ–»«≈ÃÕ¿ﬂ Œÿ»¡ ¿ “≈Ãœ≈–¿“”–€ : 0 √–¿ƒ.
œ–»«≈ÃÕ¿ﬂ Œÿ»¡ ¿ ¬À¿∆ÕŒ—“»   : 1.7 %
         H       P       T    U   D    V   TD
»œ      0.099  1000.0
        0.17    992.1   16.8  80   30    3    3.6
        0.42    963.3   15.1  77   19    6    4.1
        0.50    954.0   14.2  77   29   10    4.0
        0.55    948.5   13.8  77   33   11    4.0
»œ      0.756   925.0   12.7  79   39   10    3.6
        1.00    898.9   11.6  81   43    9    3.4
        1.07    891.2   11.3  80   44    9    3.5
»œ      1.467   850.0    9.6  81   39    8    3.3
        1.50    846.6    9.4  81   39    8    3.3
T       1.79    817.5    7.9  82   40   11    3.0
        2.00    797.0    7.5  82   35   10    2.9
T       2.45    754.6    6.6  83   24    8    2.8
        2.50    750.0    6.2  84   23    8    2.7
        3.00    705.2    3.5  84    2    4    2.5
»œ      3.060   700.0    3.0  84  360    3    2.5
        3.23    685.9    2.1  85  354    2    2.3
        4.00    622.9   -2.1  84  279    3    2.4
        4.57    579.4   -4.9  86  227    3    2.1
        4.77    565.1   -5.9  87  183    3    2.0
        5.00    548.7   -7.7  86  219    3    1.9
        5.20    534.8   -8.8  87  250    3    1.9
        5.42    519.4   -9.9  87  193    2    1.9
»œ      5.72    500.0  -12.1  88  222    3    1.8
        5.84    491.9  -12.7  88  237    3    1.7
        6.00    481.8  -13.7  87  245    3    1.7
        6.21    468.5  -14.9  87  253    3    1.9
 U      6.42    456.0  -16.7  87  241    3    1.9
T       6.63    443.1  -17.1  86  228    3    1.9
        7.00    421.7  -20.7  82  237    5    2.5
»œ      7.38    400.0  -23.3  76  236    5    3.3
        8.00    367.6  -28.9  75  233    6    3.4
T       8.21    357.0  -31.0  75  228    7    3.2
        9.00    318.9  -36.8  76  227   11    2.8
        9.28    306.3  -38.7  74  227   14    3.2
»œ      9.41    300.0  -39.7  74  228   14    3.2
T       9.42    300.2  -39.7  74  228   14    3.2
       10.00    275.3  -44.8  74  230   13    3.1
       10.61    251.0  -50.5  71  237   10    3.3
»œ     10.63    250.0  -50.7  70  236   11    3.3
       11.00    236.2  -53.9  69  225   11    3.4
T      11.30    225.4  -56.7  68  219   11    3.2
       11.47    219.5  -57.2  67  216   11    3.3
Õ√     11.90    205.1  -59.1  67  233   12    3.6
       12.00    201.7  -57.8  66  236   13    3.5
»œ     12.06    200.0  -56.9  66  238   13    3.4
T      12.48    187.0  -53.4  66  253   14    3.8
       12.78    178.5  -53.5  65  259   15    3.9
       13.00    172.6  -51.6  64  258   14    3.8
       13.68    155.4  -49.7  61  243   12    4.5
»œ     13.92    150.0  -49.8  59  248   12    4.6
       14.00    148.1  -49.8  59  250   12    4.7
       14.31    141.2  -49.6  57  257   13    4.9
T      14.38    139.8  -49.5  56  256   12    5.0
       15.00    127.0  -51.2  53  246   12    5.6
       15.14    124.3  -51.5  53  244   12    5.7
       15.97    109.4  -52.6  49  240   10    6.2
       16.00    108.9  -52.6  49  240   10    6.2
TU     16.50    100.7  -54.5  47  240   10    6.3
»œ     16.54    100.0  -54.6  47  240   10    6.4
       16.78     96.4  -55.8  46  240   10    6.6
       17.00     93.0  -55.9  45  239    9    6.7
       18.00     79.6  -55.4  43  239    6    7.1
       18.19     77.3  -56.2  42  240    5    7.2
TU     18.39     74.8  -56.7  41              7.3
